1 0.84609375 0.8453125 0.278125 0.30625
1 0.91953125 0.78046875 0.1578125 0.43515625
2 0.33046875 0.26875 0.16796875 0.1984375
2 0.65703125 0.33671875 0.14609375 0.16875
2 0.465625 0.73984375 0.11328125 0.15078125
2 0.3515625 0.93125 0.1078125 0.1328125
2 0.69453125 0.5046875 0.16171875 0.20703125
2 0.31640625 0.67578125 0.1296875 0.16328125
2 0.3609375 0.51015625 0.13671875 0.17265625
2 0.52265625 0.42578125 0.159375 0.20703125
2 0.80703125 0.59609375 0.1296875 0.1984375
2 0.36484375 0.7984375 0.0984375 0.1328125
2 0.3234375 0.09921875 0.08828125 0.10703125
2 0.21640625 0.31796875 0.1234375 0.159375
2 0.11875 0.31328125 0.0484375 0.08515625
2 0.59296875 0.51484375 0.071875 0.11953125
2 0.28671875 0.1828125 0.125 0.13515625
2 0.96015625 0.5375 0.0765625 0.15703125