2 0.3046875 0.81640625 0.10703125 0.225
2 0.9359375 0.14296875 0.0859375 0.18984375
2 0.3296875 0.65234375 0.0796875 0.1546875
2 0.56328125 0.74921875 0.096875 0.2125
2 0.73046875 0.2203125 0.08828125 0.18359375
2 0.8515625 0.14921875 0.08984375 0.20234375
2 0.6953125 0.440625 0.103125 0.225
2 0.65546875 0.13359375 0.096875 0.209375
2 0.73203125 0.06875 0.1390625 0.1375
2 0.58046875 0.5984375 0.08828125 0.1671875
2 0.465625 0.35078125 0.03828125 0.09609375
2 0.4171875 0.58046875 0.10078125 0.215625
2 0.6 0.325 0.0453125 0.109375
2 0.68671875 0.59609375 0.0859375 0.15078125
2 0.4890625 0.71875 0.05546875 0.13203125
2 0.43984375 0.4421875 0.0515625 0.08671875