2 0.80859375 0.50390625 0.3421875 0.4796875
2 0.85078125 0.196875 0.29609375 0.39296875
2 0.3515625 0.4546875 0.2828125 0.44921875
2 0.596875 0.35859375 0.23359375 0.3875
2 0.65390625 0.77890625 0.3328125 0.43828125
2 0.1203125 0.1171875 0.22890625 0.234375
2 0.91171875 0.6140625 0.1734375 0.40859375
2 0.4015625 0.13671875 0.2265625 0.2734375
2 0.58984375 0.1125 0.27734375 0.225
2 0.8984375 0.89296875 0.2 0.209375
2 0.10703125 0.61640625 0.2140625 0.7640625
2 0.49296875 0.7484375 0.26875 0.5
2 0.2203125 0.2984375 0.1796875 0.21171875
2 0.28359375 0.11796875 0.1 0.2359375