1 0.4984375 0.4984375 0.99453125 0.99453125
2 0.2515625 0.7453125 0.503125 0.503125
2 0.2578125 0.31953125 0.515625 0.4671875
2 0.87265625 0.8125 0.2515625 0.37265625
2 0.14140625 0.08515625 0.2828125 0.1703125
2 0.5328125 0.13671875 0.465625 0.2734375
2 0.5890625 0.92109375 0.38046875 0.153125
2 0.040625 0.49453125 0.08046875 0.41171875
2 0.9734375 0.1515625 0.0515625 0.303125
2 0.8171875 0.28515625 0.28125 0.31953125
2 0.68125 0.4984375 0.46171875 0.55078125
2 0.6171875 0.80234375 0.29296875 0.23203125