2 0.19140625 0.70546875 0.2234375 0.3984375
2 0.41796875 0.7109375 0.23671875 0.38671875
2 0.01640625 0.734375 0.0328125 0.290625
2 0.8953125 0.4765625 0.15703125 0.13125
2 0.03671875 0.60703125 0.0734375 0.2734375
2 0.8703125 0.39609375 0.20703125 0.29140625
2 0.36796875 0.54765625 0.18984375 0.190625
2 0.78828125 0.0359375 0.096875 0.07109375
2 0.1234375 0.5921875 0.11328125 0.20859375
2 0.6 0.54140625 0.0796875 0.13125
2 0.675 0.0328125 0.103125 0.065625
2 0.66640625 0.19375 0.10703125 0.19609375